TITLE = "Force Surfaces"
Variables = "x""y""z""p"
ZONE T="cf, block1, boundary3, bc3"
SOLUTIONTIME=       99
I = 257
J =   2
K =   2
DATAPACKING=BLOCK
DT=(DOUBLE,DOUBLE,DOUBLE,DOUBLE,DOUBLE)
VARLOCATION=([4,5]=CELLCENTERED)
  0.100000000000000E+01  0.995890465279007E+00  0.991678820888013E+00  0.987255195145211E+00
  0.982620936637748E+00  0.977797744859188E+00  0.972777502659807E+00  0.967546650898387E+00
  0.962099679111036E+00  0.956432586711256E+00  0.950539363944827E+00  0.944413695703076E+00
  0.938050054627234E+00  0.931443148727895E+00  0.924587839743198E+00  0.917479140719041E+00
  0.910112516204812E+00  0.902483671187390E+00  0.894588820900122E+00  0.886424468359100E+00
  0.877987757464914E+00  0.869276181407262E+00  0.860287989647765E+00  0.851021839432756E+00
  0.841477262875504E+00  0.831654257263393E+00  0.821553805713329E+00  0.811177409130798E+00
  0.800527653746071E+00  0.789607688886284E+00  0.778421830941249E+00  0.766974994369718E+00
  0.755273318843546E+00  0.743323563864563E+00  0.731133743041412E+00  0.718712495727480E+00
  0.706069710148311E+00  0.693215888210585E+00  0.680162737673373E+00  0.666922548522896E+00
  0.653508733801604E+00  0.639935237443212E+00  0.626217003890274E+00  0.612369437830992E+00
  0.598408784427328E+00  0.584351660834283E+00  0.570215331705239E+00  0.556017330633218E+00
  0.541775619471403E+00  0.527508314940916E+00  0.513233724974487E+00  0.498970191819860E+00
  0.484736003773241E+00  0.470549361405252E+00  0.456428168335726E+00  0.442390122034905E+00
  0.428452392325470E+00  0.414631832930175E+00  0.400944560819613E+00  0.387406279665022E+00
  0.374031776692367E+00  0.360835344803719E+00  0.347830216050832E+00  0.335029065693950E+00
  0.322443402677565E+00  0.310084136494249E+00  0.297960945144624E+00  0.286082884453160E+00
  0.274457753031675E+00  0.263092723635617E+00  0.251993722807600E+00  0.241166064854584E+00
  0.230613861353743E+00  0.220340640189580E+00  0.210348797205710E+00  0.200640185237989E+00
  0.191215617132130E+00  0.182075412599321E+00  0.173218958802794E+00  0.164645205909626E+00
  0.156352288650211E+00  0.148337964435536E+00  0.140599296835622E+00  0.133133032907941E+00
  0.125935347500734E+00  0.119002158874492E+00  0.112328931147915E+00  0.105910929315826E+00
  0.997430760193195E-01  0.938201486370106E-01  0.881366858513416E-01  0.826871306161794E-01
  0.774657816672675E-01  0.724668868727646E-01  0.676846348486142E-01  0.631132035199934E-01
  0.587467873012295E-01  0.545796056827686E-01  0.506059619703809E-01  0.468202164124681E-01
  0.432168732126326E-01  0.397905221714921E-01  0.365359515225242E-01  0.334480613246589E-01
  0.305220005057787E-01  0.277530543578605E-01  0.251368047603058E-01  0.226689931825798E-01
  0.203457028669768E-01  0.181631979187741E-01  0.161181241223507E-01  0.142073244446813E-01
  0.124280489040195E-01  0.107777482265614E-01  0.925426891899437E-02  0.785563254795804E-02
  0.658016513941182E-02  0.542628524604015E-02  0.439247706810811E-02  0.347714567825656E-02
  0.267831399104884E-02  0.199366033534361E-02  0.141986685525834E-02  0.952993523975696E-03
  0.587607815680277E-03  0.317538731263512E-03  0.135153877442180E-03  0.322747756046138E-04
  0.000000000000000E+00  0.322747756046086E-04  0.135153877442180E-03  0.317538731263527E-03
  0.587607815680277E-03  0.952993523975626E-03  0.141986685525823E-02  0.199366033534356E-02
  0.267831399104884E-02  0.347714567825650E-02  0.439247706810800E-02  0.542628524604010E-02
  0.658016513941182E-02  0.785563254795797E-02  0.925426891899421E-02  0.107777482265613E-01
  0.124280489040193E-01  0.142073244446812E-01  0.161181241223506E-01  0.181631979187740E-01
  0.203457028669767E-01  0.226689931825797E-01  0.251368047603057E-01  0.277530543578604E-01
  0.305220005057787E-01  0.334480613246589E-01  0.365359515225242E-01  0.397905221714921E-01
  0.432168732126326E-01  0.468202164124680E-01  0.506059619703809E-01  0.545796056827686E-01
  0.587467873012295E-01  0.631132035199933E-01  0.676846348486141E-01  0.724668868727645E-01
  0.774657816672673E-01  0.826871306161792E-01  0.881366858513414E-01  0.938201486370104E-01
  0.997430760193192E-01  0.105910929315826E+00  0.112328931147915E+00  0.119002158874492E+00
  0.125935347500734E+00  0.133133032907940E+00  0.140599296835622E+00  0.148337964435536E+00
  0.156352288650211E+00  0.164645205909626E+00  0.173218958802794E+00  0.182075412599321E+00
  0.191215617132130E+00  0.200640185237989E+00  0.210348797205710E+00  0.220340640189580E+00
  0.230613861353742E+00  0.241166064854583E+00  0.251993722807599E+00  0.263092723635617E+00
  0.274457753031675E+00  0.286082884453160E+00  0.297960945144624E+00  0.310084136494249E+00
  0.322443402677565E+00  0.335029065693950E+00  0.347830216050832E+00  0.360835344803719E+00
  0.374031776692367E+00  0.387406279665022E+00  0.400944560819613E+00  0.414631832930175E+00
  0.428452392325471E+00  0.442390122034905E+00  0.456428168335726E+00  0.470549361405252E+00
  0.484736003773240E+00  0.498970191819859E+00  0.513233724974486E+00  0.527508314940916E+00
  0.541775619471402E+00  0.556017330633218E+00  0.570215331705239E+00  0.584351660834283E+00
  0.598408784427328E+00  0.612369437830992E+00  0.626217003890274E+00  0.639935237443212E+00
  0.653508733801605E+00  0.666922548522897E+00  0.680162737673373E+00  0.693215888210586E+00
  0.706069710148311E+00  0.718712495727480E+00  0.731133743041412E+00  0.743323563864563E+00
  0.755273318843546E+00  0.766974994369718E+00  0.778421830941249E+00  0.789607688886284E+00
  0.800527653746071E+00  0.811177409130798E+00  0.821553805713329E+00  0.831654257263393E+00
  0.841477262875505E+00  0.851021839432756E+00  0.860287989647765E+00  0.869276181407262E+00
  0.877987757464914E+00  0.886424468359100E+00  0.894588820900122E+00  0.902483671187390E+00
  0.910112516204812E+00  0.917479140719041E+00  0.924587839743198E+00  0.931443148727895E+00
  0.938050054627234E+00  0.944413695703077E+00  0.950539363944828E+00  0.956432586711256E+00
  0.962099679111036E+00  0.967546650898388E+00  0.972777502659807E+00  0.977797744859188E+00
  0.982620936637748E+00  0.987255195145211E+00  0.991678820888013E+00  0.995890465279007E+00
  0.100000000000000E+01  0.100000000000000E+01  0.995890465279007E+00  0.991678820888013E+00
  0.987255195145211E+00  0.982620936637748E+00  0.977797744859188E+00  0.972777502659807E+00
  0.967546650898387E+00  0.962099679111036E+00  0.956432586711256E+00  0.950539363944827E+00
  0.944413695703076E+00  0.938050054627234E+00  0.931443148727895E+00  0.924587839743198E+00
  0.917479140719041E+00  0.910112516204812E+00  0.902483671187390E+00  0.894588820900122E+00
  0.886424468359100E+00  0.877987757464914E+00  0.869276181407262E+00  0.860287989647765E+00
  0.851021839432756E+00  0.841477262875504E+00  0.831654257263393E+00  0.821553805713329E+00
  0.811177409130798E+00  0.800527653746071E+00  0.789607688886284E+00  0.778421830941249E+00
  0.766974994369718E+00  0.755273318843546E+00  0.743323563864563E+00  0.731133743041412E+00
  0.718712495727480E+00  0.706069710148311E+00  0.693215888210585E+00  0.680162737673373E+00
  0.666922548522896E+00  0.653508733801604E+00  0.639935237443212E+00  0.626217003890274E+00
  0.612369437830992E+00  0.598408784427328E+00  0.584351660834283E+00  0.570215331705239E+00
  0.556017330633218E+00  0.541775619471403E+00  0.527508314940916E+00  0.513233724974487E+00
  0.498970191819860E+00  0.484736003773241E+00  0.470549361405252E+00  0.456428168335726E+00
  0.442390122034905E+00  0.428452392325470E+00  0.414631832930175E+00  0.400944560819613E+00
  0.387406279665022E+00  0.374031776692367E+00  0.360835344803719E+00  0.347830216050832E+00
  0.335029065693950E+00  0.322443402677565E+00  0.310084136494249E+00  0.297960945144624E+00
  0.286082884453160E+00  0.274457753031675E+00  0.263092723635617E+00  0.251993722807600E+00
  0.241166064854584E+00  0.230613861353743E+00  0.220340640189580E+00  0.210348797205710E+00
  0.200640185237989E+00  0.191215617132130E+00  0.182075412599321E+00  0.173218958802794E+00
  0.164645205909626E+00  0.156352288650211E+00  0.148337964435536E+00  0.140599296835622E+00
  0.133133032907941E+00  0.125935347500734E+00  0.119002158874492E+00  0.112328931147915E+00
  0.105910929315826E+00  0.997430760193195E-01  0.938201486370106E-01  0.881366858513416E-01
  0.826871306161794E-01  0.774657816672675E-01  0.724668868727646E-01  0.676846348486142E-01
  0.631132035199934E-01  0.587467873012295E-01  0.545796056827686E-01  0.506059619703809E-01
  0.468202164124681E-01  0.432168732126326E-01  0.397905221714921E-01  0.365359515225242E-01
  0.334480613246589E-01  0.305220005057787E-01  0.277530543578605E-01  0.251368047603058E-01
  0.226689931825798E-01  0.203457028669768E-01  0.181631979187741E-01  0.161181241223507E-01
  0.142073244446813E-01  0.124280489040195E-01  0.107777482265614E-01  0.925426891899437E-02
  0.785563254795804E-02  0.658016513941182E-02  0.542628524604015E-02  0.439247706810811E-02
  0.347714567825656E-02  0.267831399104884E-02  0.199366033534361E-02  0.141986685525834E-02
  0.952993523975696E-03  0.587607815680277E-03  0.317538731263512E-03  0.135153877442180E-03
  0.322747756046138E-04  0.000000000000000E+00  0.322747756046086E-04  0.135153877442180E-03
  0.317538731263527E-03  0.587607815680277E-03  0.952993523975626E-03  0.141986685525823E-02
  0.199366033534356E-02  0.267831399104884E-02  0.347714567825650E-02  0.439247706810800E-02
  0.542628524604010E-02  0.658016513941182E-02  0.785563254795797E-02  0.925426891899421E-02
  0.107777482265613E-01  0.124280489040193E-01  0.142073244446812E-01  0.161181241223506E-01
  0.181631979187740E-01  0.203457028669767E-01  0.226689931825797E-01  0.251368047603057E-01
  0.277530543578604E-01  0.305220005057787E-01  0.334480613246589E-01  0.365359515225242E-01
  0.397905221714921E-01  0.432168732126326E-01  0.468202164124680E-01  0.506059619703809E-01
  0.545796056827686E-01  0.587467873012295E-01  0.631132035199933E-01  0.676846348486141E-01
  0.724668868727645E-01  0.774657816672673E-01  0.826871306161792E-01  0.881366858513414E-01
  0.938201486370104E-01  0.997430760193192E-01  0.105910929315826E+00  0.112328931147915E+00
  0.119002158874492E+00  0.125935347500734E+00  0.133133032907940E+00  0.140599296835622E+00
  0.148337964435536E+00  0.156352288650211E+00  0.164645205909626E+00  0.173218958802794E+00
  0.182075412599321E+00  0.191215617132130E+00  0.200640185237989E+00  0.210348797205710E+00
  0.220340640189580E+00  0.230613861353742E+00  0.241166064854583E+00  0.251993722807599E+00
  0.263092723635617E+00  0.274457753031675E+00  0.286082884453160E+00  0.297960945144624E+00
  0.310084136494249E+00  0.322443402677565E+00  0.335029065693950E+00  0.347830216050832E+00
  0.360835344803719E+00  0.374031776692367E+00  0.387406279665022E+00  0.400944560819613E+00
  0.414631832930175E+00  0.428452392325471E+00  0.442390122034905E+00  0.456428168335726E+00
  0.470549361405252E+00  0.484736003773240E+00  0.498970191819859E+00  0.513233724974486E+00
  0.527508314940916E+00  0.541775619471402E+00  0.556017330633218E+00  0.570215331705239E+00
  0.584351660834283E+00  0.598408784427328E+00  0.612369437830992E+00  0.626217003890274E+00
  0.639935237443212E+00  0.653508733801605E+00  0.666922548522897E+00  0.680162737673373E+00
  0.693215888210586E+00  0.706069710148311E+00  0.718712495727480E+00  0.731133743041412E+00
  0.743323563864563E+00  0.755273318843546E+00  0.766974994369718E+00  0.778421830941249E+00
  0.789607688886284E+00  0.800527653746071E+00  0.811177409130798E+00  0.821553805713329E+00
  0.831654257263393E+00  0.841477262875505E+00  0.851021839432756E+00  0.860287989647765E+00
  0.869276181407262E+00  0.877987757464914E+00  0.886424468359100E+00  0.894588820900122E+00
  0.902483671187390E+00  0.910112516204812E+00  0.917479140719041E+00  0.924587839743198E+00
  0.931443148727895E+00  0.938050054627234E+00  0.944413695703077E+00  0.950539363944828E+00
  0.956432586711256E+00  0.962099679111036E+00  0.967546650898388E+00  0.972777502659807E+00
  0.977797744859188E+00  0.982620936637748E+00  0.987255195145211E+00  0.991678820888013E+00
  0.995890465279007E+00  0.100000000000000E+01  0.100000000000000E+01  0.995890465279007E+00
  0.991678820888013E+00  0.987255195145211E+00  0.982620936637748E+00  0.977797744859188E+00
  0.972777502659807E+00  0.967546650898387E+00  0.962099679111036E+00  0.956432586711256E+00
  0.950539363944827E+00  0.944413695703076E+00  0.938050054627234E+00  0.931443148727895E+00
  0.924587839743198E+00  0.917479140719041E+00  0.910112516204812E+00  0.902483671187390E+00
  0.894588820900122E+00  0.886424468359100E+00  0.877987757464914E+00  0.869276181407262E+00
  0.860287989647765E+00  0.851021839432756E+00  0.841477262875504E+00  0.831654257263393E+00
  0.821553805713329E+00  0.811177409130798E+00  0.800527653746071E+00  0.789607688886284E+00
  0.778421830941249E+00  0.766974994369718E+00  0.755273318843546E+00  0.743323563864563E+00
  0.731133743041412E+00  0.718712495727480E+00  0.706069710148311E+00  0.693215888210585E+00
  0.680162737673373E+00  0.666922548522896E+00  0.653508733801604E+00  0.639935237443212E+00
  0.626217003890274E+00  0.612369437830992E+00  0.598408784427328E+00  0.584351660834283E+00
  0.570215331705239E+00  0.556017330633218E+00  0.541775619471403E+00  0.527508314940916E+00
  0.513233724974487E+00  0.498970191819860E+00  0.484736003773241E+00  0.470549361405252E+00
  0.456428168335726E+00  0.442390122034905E+00  0.428452392325470E+00  0.414631832930175E+00
  0.400944560819613E+00  0.387406279665022E+00  0.374031776692367E+00  0.360835344803719E+00
  0.347830216050832E+00  0.335029065693950E+00  0.322443402677565E+00  0.310084136494249E+00
  0.297960945144624E+00  0.286082884453160E+00  0.274457753031675E+00  0.263092723635617E+00
  0.251993722807600E+00  0.241166064854584E+00  0.230613861353743E+00  0.220340640189580E+00
  0.210348797205710E+00  0.200640185237989E+00  0.191215617132130E+00  0.182075412599321E+00
  0.173218958802794E+00  0.164645205909626E+00  0.156352288650211E+00  0.148337964435536E+00
  0.140599296835622E+00  0.133133032907941E+00  0.125935347500734E+00  0.119002158874492E+00
  0.112328931147915E+00  0.105910929315826E+00  0.997430760193195E-01  0.938201486370106E-01
  0.881366858513416E-01  0.826871306161794E-01  0.774657816672675E-01  0.724668868727646E-01
  0.676846348486142E-01  0.631132035199934E-01  0.587467873012295E-01  0.545796056827686E-01
  0.506059619703809E-01  0.468202164124681E-01  0.432168732126326E-01  0.397905221714921E-01
  0.365359515225242E-01  0.334480613246589E-01  0.305220005057787E-01  0.277530543578605E-01
  0.251368047603058E-01  0.226689931825798E-01  0.203457028669768E-01  0.181631979187741E-01
  0.161181241223507E-01  0.142073244446813E-01  0.124280489040195E-01  0.107777482265614E-01
  0.925426891899437E-02  0.785563254795804E-02  0.658016513941182E-02  0.542628524604015E-02
  0.439247706810811E-02  0.347714567825656E-02  0.267831399104884E-02  0.199366033534361E-02
  0.141986685525834E-02  0.952993523975696E-03  0.587607815680277E-03  0.317538731263512E-03
  0.135153877442180E-03  0.322747756046138E-04  0.000000000000000E+00  0.322747756046086E-04
  0.135153877442180E-03  0.317538731263527E-03  0.587607815680277E-03  0.952993523975626E-03
  0.141986685525823E-02  0.199366033534356E-02  0.267831399104884E-02  0.347714567825650E-02
  0.439247706810800E-02  0.542628524604010E-02  0.658016513941182E-02  0.785563254795797E-02
  0.925426891899421E-02  0.107777482265613E-01  0.124280489040193E-01  0.142073244446812E-01
  0.161181241223506E-01  0.181631979187740E-01  0.203457028669767E-01  0.226689931825797E-01
  0.251368047603057E-01  0.277530543578604E-01  0.305220005057787E-01  0.334480613246589E-01
  0.365359515225242E-01  0.397905221714921E-01  0.432168732126326E-01  0.468202164124680E-01
  0.506059619703809E-01  0.545796056827686E-01  0.587467873012295E-01  0.631132035199933E-01
  0.676846348486141E-01  0.724668868727645E-01  0.774657816672673E-01  0.826871306161792E-01
  0.881366858513414E-01  0.938201486370104E-01  0.997430760193192E-01  0.105910929315826E+00
  0.112328931147915E+00  0.119002158874492E+00  0.125935347500734E+00  0.133133032907940E+00
  0.140599296835622E+00  0.148337964435536E+00  0.156352288650211E+00  0.164645205909626E+00
  0.173218958802794E+00  0.182075412599321E+00  0.191215617132130E+00  0.200640185237989E+00
  0.210348797205710E+00  0.220340640189580E+00  0.230613861353742E+00  0.241166064854583E+00
  0.251993722807599E+00  0.263092723635617E+00  0.274457753031675E+00  0.286082884453160E+00
  0.297960945144624E+00  0.310084136494249E+00  0.322443402677565E+00  0.335029065693950E+00
  0.347830216050832E+00  0.360835344803719E+00  0.374031776692367E+00  0.387406279665022E+00
  0.400944560819613E+00  0.414631832930175E+00  0.428452392325471E+00  0.442390122034905E+00
  0.456428168335726E+00  0.470549361405252E+00  0.484736003773240E+00  0.498970191819859E+00
  0.513233724974486E+00  0.527508314940916E+00  0.541775619471402E+00  0.556017330633218E+00
  0.570215331705239E+00  0.584351660834283E+00  0.598408784427328E+00  0.612369437830992E+00
  0.626217003890274E+00  0.639935237443212E+00  0.653508733801605E+00  0.666922548522897E+00
  0.680162737673373E+00  0.693215888210586E+00  0.706069710148311E+00  0.718712495727480E+00
  0.731133743041412E+00  0.743323563864563E+00  0.755273318843546E+00  0.766974994369718E+00
  0.778421830941249E+00  0.789607688886284E+00  0.800527653746071E+00  0.811177409130798E+00
  0.821553805713329E+00  0.831654257263393E+00  0.841477262875505E+00  0.851021839432756E+00
  0.860287989647765E+00  0.869276181407262E+00  0.877987757464914E+00  0.886424468359100E+00
  0.894588820900122E+00  0.902483671187390E+00  0.910112516204812E+00  0.917479140719041E+00
  0.924587839743198E+00  0.931443148727895E+00  0.938050054627234E+00  0.944413695703077E+00
  0.950539363944828E+00  0.956432586711256E+00  0.962099679111036E+00  0.967546650898388E+00
  0.972777502659807E+00  0.977797744859188E+00  0.982620936637748E+00  0.987255195145211E+00
  0.991678820888013E+00  0.995890465279007E+00  0.100000000000000E+01  0.100000000000000E+01
  0.995890465279007E+00  0.991678820888013E+00  0.987255195145211E+00  0.982620936637748E+00
  0.977797744859188E+00  0.972777502659807E+00  0.967546650898387E+00  0.962099679111036E+00
  0.956432586711256E+00  0.950539363944827E+00  0.944413695703076E+00  0.938050054627234E+00
  0.931443148727895E+00  0.924587839743198E+00  0.917479140719041E+00  0.910112516204812E+00
  0.902483671187390E+00  0.894588820900122E+00  0.886424468359100E+00  0.877987757464914E+00
  0.869276181407262E+00  0.860287989647765E+00  0.851021839432756E+00  0.841477262875504E+00
  0.831654257263393E+00  0.821553805713329E+00  0.811177409130798E+00  0.800527653746071E+00
  0.789607688886284E+00  0.778421830941249E+00  0.766974994369718E+00  0.755273318843546E+00
  0.743323563864563E+00  0.731133743041412E+00  0.718712495727480E+00  0.706069710148311E+00
  0.693215888210585E+00  0.680162737673373E+00  0.666922548522896E+00  0.653508733801604E+00
  0.639935237443212E+00  0.626217003890274E+00  0.612369437830992E+00  0.598408784427328E+00
  0.584351660834283E+00  0.570215331705239E+00  0.556017330633218E+00  0.541775619471403E+00
  0.527508314940916E+00  0.513233724974487E+00  0.498970191819860E+00  0.484736003773241E+00
  0.470549361405252E+00  0.456428168335726E+00  0.442390122034905E+00  0.428452392325470E+00
  0.414631832930175E+00  0.400944560819613E+00  0.387406279665022E+00  0.374031776692367E+00
  0.360835344803719E+00  0.347830216050832E+00  0.335029065693950E+00  0.322443402677565E+00
  0.310084136494249E+00  0.297960945144624E+00  0.286082884453160E+00  0.274457753031675E+00
  0.263092723635617E+00  0.251993722807600E+00  0.241166064854584E+00  0.230613861353743E+00
  0.220340640189580E+00  0.210348797205710E+00  0.200640185237989E+00  0.191215617132130E+00
  0.182075412599321E+00  0.173218958802794E+00  0.164645205909626E+00  0.156352288650211E+00
  0.148337964435536E+00  0.140599296835622E+00  0.133133032907941E+00  0.125935347500734E+00
  0.119002158874492E+00  0.112328931147915E+00  0.105910929315826E+00  0.997430760193195E-01
  0.938201486370106E-01  0.881366858513416E-01  0.826871306161794E-01  0.774657816672675E-01
  0.724668868727646E-01  0.676846348486142E-01  0.631132035199934E-01  0.587467873012295E-01
  0.545796056827686E-01  0.506059619703809E-01  0.468202164124681E-01  0.432168732126326E-01
  0.397905221714921E-01  0.365359515225242E-01  0.334480613246589E-01  0.305220005057787E-01
  0.277530543578605E-01  0.251368047603058E-01  0.226689931825798E-01  0.203457028669768E-01
  0.181631979187741E-01  0.161181241223507E-01  0.142073244446813E-01  0.124280489040195E-01
  0.107777482265614E-01  0.925426891899437E-02  0.785563254795804E-02  0.658016513941182E-02
  0.542628524604015E-02  0.439247706810811E-02  0.347714567825656E-02  0.267831399104884E-02
  0.199366033534361E-02  0.141986685525834E-02  0.952993523975696E-03  0.587607815680277E-03
  0.317538731263512E-03  0.135153877442180E-03  0.322747756046138E-04  0.000000000000000E+00
  0.322747756046086E-04  0.135153877442180E-03  0.317538731263527E-03  0.587607815680277E-03
  0.952993523975626E-03  0.141986685525823E-02  0.199366033534356E-02  0.267831399104884E-02
  0.347714567825650E-02  0.439247706810800E-02  0.542628524604010E-02  0.658016513941182E-02
  0.785563254795797E-02  0.925426891899421E-02  0.107777482265613E-01  0.124280489040193E-01
  0.142073244446812E-01  0.161181241223506E-01  0.181631979187740E-01  0.203457028669767E-01
  0.226689931825797E-01  0.251368047603057E-01  0.277530543578604E-01  0.305220005057787E-01
  0.334480613246589E-01  0.365359515225242E-01  0.397905221714921E-01  0.432168732126326E-01
  0.468202164124680E-01  0.506059619703809E-01  0.545796056827686E-01  0.587467873012295E-01
  0.631132035199933E-01  0.676846348486141E-01  0.724668868727645E-01  0.774657816672673E-01
  0.826871306161792E-01  0.881366858513414E-01  0.938201486370104E-01  0.997430760193192E-01
  0.105910929315826E+00  0.112328931147915E+00  0.119002158874492E+00  0.125935347500734E+00
  0.133133032907940E+00  0.140599296835622E+00  0.148337964435536E+00  0.156352288650211E+00
  0.164645205909626E+00  0.173218958802794E+00  0.182075412599321E+00  0.191215617132130E+00
  0.200640185237989E+00  0.210348797205710E+00  0.220340640189580E+00  0.230613861353742E+00
  0.241166064854583E+00  0.251993722807599E+00  0.263092723635617E+00  0.274457753031675E+00
  0.286082884453160E+00  0.297960945144624E+00  0.310084136494249E+00  0.322443402677565E+00
  0.335029065693950E+00  0.347830216050832E+00  0.360835344803719E+00  0.374031776692367E+00
  0.387406279665022E+00  0.400944560819613E+00  0.414631832930175E+00  0.428452392325471E+00
  0.442390122034905E+00  0.456428168335726E+00  0.470549361405252E+00  0.484736003773240E+00
  0.498970191819859E+00  0.513233724974486E+00  0.527508314940916E+00  0.541775619471402E+00
  0.556017330633218E+00  0.570215331705239E+00  0.584351660834283E+00  0.598408784427328E+00
  0.612369437830992E+00  0.626217003890274E+00  0.639935237443212E+00  0.653508733801605E+00
  0.666922548522897E+00  0.680162737673373E+00  0.693215888210586E+00  0.706069710148311E+00
  0.718712495727480E+00  0.731133743041412E+00  0.743323563864563E+00  0.755273318843546E+00
  0.766974994369718E+00  0.778421830941249E+00  0.789607688886284E+00  0.800527653746071E+00
  0.811177409130798E+00  0.821553805713329E+00  0.831654257263393E+00  0.841477262875505E+00
  0.851021839432756E+00  0.860287989647765E+00  0.869276181407262E+00  0.877987757464914E+00
  0.886424468359100E+00  0.894588820900122E+00  0.902483671187390E+00  0.910112516204812E+00
  0.917479140719041E+00  0.924587839743198E+00  0.931443148727895E+00  0.938050054627234E+00
  0.944413695703077E+00  0.950539363944828E+00  0.956432586711256E+00  0.962099679111036E+00
  0.967546650898388E+00  0.972777502659807E+00  0.977797744859188E+00  0.982620936637748E+00
  0.987255195145211E+00  0.991678820888013E+00  0.995890465279007E+00  0.100000000000000E+01
 -0.102053899928946E-16 -0.490542809125295E-04 -0.138026168773841E-03 -0.260973750761488E-03
 -0.414756674305250E-03 -0.597444075479004E-03 -0.809141484680766E-03 -0.105047410722146E-02
 -0.132210945373946E-02 -0.162478323916232E-02 -0.195946169024671E-02 -0.232718032169730E-02
 -0.272902128818153E-02 -0.316608284430914E-02 -0.363948100449621E-02 -0.415032729617068E-02
 -0.469969753900167E-02 -0.528863905357134E-02 -0.591812087187291E-02 -0.658906143437915E-02
 -0.730225510406991E-02 -0.805842258740814E-02 -0.885811404228206E-02 -0.970178253229570E-02
 -0.105896632924911E-01 -0.115218710701456E-01 -0.124982564900387E-01 -0.135185273381471E-01
 -0.145820841677314E-01 -0.156881646293482E-01 -0.168356619954524E-01 -0.180232903204343E-01
 -0.192493911645260E-01 -0.205121158480986E-01 -0.218092272262351E-01 -0.231382936777649E-01
 -0.244964941417880E-01 -0.258808169059464E-01 -0.272878770917787E-01 -0.287141119474130E-01
 -0.301556203934418E-01 -0.316083455622165E-01 -0.330679457606621E-01 -0.345299545978648E-01
 -0.359896917169844E-01 -0.374423911428185E-01 -0.388831583926440E-01 -0.403070587208057E-01
 -0.417091248374419E-01 -0.430843985111272E-01 -0.444279902883888E-01 -0.457350703317837E-01
 -0.470009784900380E-01 -0.482211631080508E-01 -0.493913368292476E-01 -0.505073651633741E-01
 -0.515654607869326E-01 -0.525620266109823E-01 -0.534938793180536E-01 -0.543580542597068E-01
 -0.551520476921521E-01 -0.558735928211129E-01 -0.565209097457154E-01 -0.570924631998084E-01
 -0.575872095627266E-01 -0.580043472564613E-01 -0.583435512281424E-01 -0.586047265791221E-01
 -0.587882225025027E-01 -0.588945986517174E-01 -0.589248124297736E-01 -0.588800060176558E-01
 -0.587616629586837E-01 -0.585714218574418E-01 -0.583112002012379E-01 -0.579830387070245E-01
 -0.575891921276093E-01 -0.571320062450574E-01 -0.566139769226085E-01 -0.560376599593586E-01
 -0.554057008166527E-01 -0.547207760566799E-01 -0.539855969827543E-01 -0.532028802346815E-01
 -0.523753290571077E-01 -0.515056298275990E-01 -0.505964148505602E-01 -0.496502811283559E-01
 -0.486697385283509E-01 -0.476572469291719E-01 -0.466151533894910E-01 -0.455457438535374E-01
 -0.444511726277222E-01 -0.433335250488703E-01 -0.421947422132820E-01 -0.410366913341132E-01
 -0.398610883324675E-01 -0.386695729744129E-01 -0.374636316979279E-01 -0.362446749618635E-01
 -0.350139626366484E-01 -0.337726812494403E-01 -0.325218745427322E-01 -0.312625183698154E-01
 -0.299954598118364E-01 -0.287214872602688E-01 -0.274412831200377E-01 -0.261554858374459E-01
 -0.248646640108552E-01 -0.235693657307133E-01 -0.222701269037543E-01 -0.209674996779005E-01
 -0.196621133495422E-01 -0.183546708753874E-01 -0.170460927049478E-01 -0.157374529744925E-01
 -0.144302230745173E-01 -0.131261413164004E-01 -0.118276164408218E-01 -0.105373917556633E-01
 -0.925887840831095E-02 -0.799596459649664E-02 -0.675377887983018E-02 -0.553734535328705E-02
 -0.435002989142729E-02 -0.319641453651327E-02 -0.208760422203214E-02 -0.102941693683450E-02
  0.366722528253570E-31  0.102941693683448E-02  0.208760422203209E-02  0.319641453651324E-02
  0.435002989142724E-02  0.553734535328690E-02  0.675377887982995E-02  0.799596459649648E-02
  0.925887840831088E-02  0.105373917556632E-01  0.118276164408217E-01  0.131261413164003E-01
  0.144302230745172E-01  0.157374529744923E-01  0.170460927049476E-01  0.183546708753873E-01
  0.196621133495421E-01  0.209674996779004E-01  0.222701269037542E-01  0.235693657307132E-01
  0.248646640108551E-01  0.261554858374459E-01  0.274412831200376E-01  0.287214872602688E-01
  0.299954598118364E-01  0.312625183698153E-01  0.325218745427322E-01  0.337726812494402E-01
  0.350139626366484E-01  0.362446749618634E-01  0.374636316979279E-01  0.386695729744129E-01
  0.398610883324675E-01  0.410366913341132E-01  0.421947422132819E-01  0.433335250488702E-01
  0.444511726277221E-01  0.455457438535374E-01  0.466151533894910E-01  0.476572469291718E-01
  0.486697385283508E-01  0.496502811283559E-01  0.505964148505603E-01  0.515056298275991E-01
  0.523753290571077E-01  0.532028802346815E-01  0.539855969827543E-01  0.547207760566799E-01
  0.554057008166527E-01  0.560376599593586E-01  0.566139769226085E-01  0.571320062450574E-01
  0.575891921276093E-01  0.579830387070245E-01  0.583112002012379E-01  0.585714218574418E-01
  0.587616629586837E-01  0.588800060176558E-01  0.589248124297736E-01  0.588945986517174E-01
  0.587882225025027E-01  0.586047265791221E-01  0.583435512281424E-01  0.580043472564614E-01
  0.575872095627267E-01  0.570924631998084E-01  0.565209097457154E-01  0.558735928211128E-01
  0.551520476921521E-01  0.543580542597068E-01  0.534938793180536E-01  0.525620266109823E-01
  0.515654607869325E-01  0.505073651633740E-01  0.493913368292475E-01  0.482211631080508E-01
  0.470009784900380E-01  0.457350703317837E-01  0.444279902883887E-01  0.430843985111272E-01
  0.417091248374419E-01  0.403070587208057E-01  0.388831583926440E-01  0.374423911428185E-01
  0.359896917169843E-01  0.345299545978648E-01  0.330679457606621E-01  0.316083455622166E-01
  0.301556203934418E-01  0.287141119474130E-01  0.272878770917786E-01  0.258808169059464E-01
  0.244964941417879E-01  0.231382936777649E-01  0.218092272262351E-01  0.205121158480986E-01
  0.192493911645260E-01  0.180232903204343E-01  0.168356619954524E-01  0.156881646293481E-01
  0.145820841677314E-01  0.135185273381471E-01  0.124982564900387E-01  0.115218710701455E-01
  0.105896632924910E-01  0.970178253229562E-02  0.885811404228204E-02  0.805842258740812E-02
  0.730225510406987E-02  0.658906143437910E-02  0.591812087187288E-02  0.528863905357134E-02
  0.469969753900169E-02  0.415032729617067E-02  0.363948100449617E-02  0.316608284430911E-02
  0.272902128818152E-02  0.232718032169729E-02  0.195946169024669E-02  0.162478323916231E-02
  0.132210945373946E-02  0.105047410722144E-02  0.809141484680734E-03  0.597444075478978E-03
  0.414756674305238E-03  0.260973750761482E-03  0.138026168773832E-03  0.490542809125142E-04
 -0.102053899928946E-16 -0.102053899928946E-16 -0.490542809125295E-04 -0.138026168773841E-03
 -0.260973750761488E-03 -0.414756674305250E-03 -0.597444075479004E-03 -0.809141484680766E-03
 -0.105047410722146E-02 -0.132210945373946E-02 -0.162478323916232E-02 -0.195946169024671E-02
 -0.232718032169730E-02 -0.272902128818153E-02 -0.316608284430914E-02 -0.363948100449621E-02
 -0.415032729617068E-02 -0.469969753900167E-02 -0.528863905357134E-02 -0.591812087187291E-02
 -0.658906143437915E-02 -0.730225510406991E-02 -0.805842258740814E-02 -0.885811404228206E-02
 -0.970178253229570E-02 -0.105896632924911E-01 -0.115218710701456E-01 -0.124982564900387E-01
 -0.135185273381471E-01 -0.145820841677314E-01 -0.156881646293482E-01 -0.168356619954524E-01
 -0.180232903204343E-01 -0.192493911645260E-01 -0.205121158480986E-01 -0.218092272262351E-01
 -0.231382936777649E-01 -0.244964941417880E-01 -0.258808169059464E-01 -0.272878770917787E-01
 -0.287141119474130E-01 -0.301556203934418E-01 -0.316083455622165E-01 -0.330679457606621E-01
 -0.345299545978648E-01 -0.359896917169844E-01 -0.374423911428185E-01 -0.388831583926440E-01
 -0.403070587208057E-01 -0.417091248374419E-01 -0.430843985111272E-01 -0.444279902883888E-01
 -0.457350703317837E-01 -0.470009784900380E-01 -0.482211631080508E-01 -0.493913368292476E-01
 -0.505073651633741E-01 -0.515654607869326E-01 -0.525620266109823E-01 -0.534938793180536E-01
 -0.543580542597068E-01 -0.551520476921521E-01 -0.558735928211129E-01 -0.565209097457154E-01
 -0.570924631998084E-01 -0.575872095627266E-01 -0.580043472564613E-01 -0.583435512281424E-01
 -0.586047265791221E-01 -0.587882225025027E-01 -0.588945986517174E-01 -0.589248124297736E-01
 -0.588800060176558E-01 -0.587616629586837E-01 -0.585714218574418E-01 -0.583112002012379E-01
 -0.579830387070245E-01 -0.575891921276093E-01 -0.571320062450574E-01 -0.566139769226085E-01
 -0.560376599593586E-01 -0.554057008166527E-01 -0.547207760566799E-01 -0.539855969827543E-01
 -0.532028802346815E-01 -0.523753290571077E-01 -0.515056298275990E-01 -0.505964148505602E-01
 -0.496502811283559E-01 -0.486697385283509E-01 -0.476572469291719E-01 -0.466151533894910E-01
 -0.455457438535374E-01 -0.444511726277222E-01 -0.433335250488703E-01 -0.421947422132820E-01
 -0.410366913341132E-01 -0.398610883324675E-01 -0.386695729744129E-01 -0.374636316979279E-01
 -0.362446749618635E-01 -0.350139626366484E-01 -0.337726812494403E-01 -0.325218745427322E-01
 -0.312625183698154E-01 -0.299954598118364E-01 -0.287214872602688E-01 -0.274412831200377E-01
 -0.261554858374459E-01 -0.248646640108552E-01 -0.235693657307133E-01 -0.222701269037543E-01
 -0.209674996779005E-01 -0.196621133495422E-01 -0.183546708753874E-01 -0.170460927049478E-01
 -0.157374529744925E-01 -0.144302230745173E-01 -0.131261413164004E-01 -0.118276164408218E-01
 -0.105373917556633E-01 -0.925887840831095E-02 -0.799596459649664E-02 -0.675377887983018E-02
 -0.553734535328705E-02 -0.435002989142729E-02 -0.319641453651327E-02 -0.208760422203214E-02
 -0.102941693683450E-02  0.366722528253570E-31  0.102941693683448E-02  0.208760422203209E-02
  0.319641453651324E-02  0.435002989142724E-02  0.553734535328690E-02  0.675377887982995E-02
  0.799596459649648E-02  0.925887840831088E-02  0.105373917556632E-01  0.118276164408217E-01
  0.131261413164003E-01  0.144302230745172E-01  0.157374529744923E-01  0.170460927049476E-01
  0.183546708753873E-01  0.196621133495421E-01  0.209674996779004E-01  0.222701269037542E-01
  0.235693657307132E-01  0.248646640108551E-01  0.261554858374459E-01  0.274412831200376E-01
  0.287214872602688E-01  0.299954598118364E-01  0.312625183698153E-01  0.325218745427322E-01
  0.337726812494402E-01  0.350139626366484E-01  0.362446749618634E-01  0.374636316979279E-01
  0.386695729744129E-01  0.398610883324675E-01  0.410366913341132E-01  0.421947422132819E-01
  0.433335250488702E-01  0.444511726277221E-01  0.455457438535374E-01  0.466151533894910E-01
  0.476572469291718E-01  0.486697385283508E-01  0.496502811283559E-01  0.505964148505603E-01
  0.515056298275991E-01  0.523753290571077E-01  0.532028802346815E-01  0.539855969827543E-01
  0.547207760566799E-01  0.554057008166527E-01  0.560376599593586E-01  0.566139769226085E-01
  0.571320062450574E-01  0.575891921276093E-01  0.579830387070245E-01  0.583112002012379E-01
  0.585714218574418E-01  0.587616629586837E-01  0.588800060176558E-01  0.589248124297736E-01
  0.588945986517174E-01  0.587882225025027E-01  0.586047265791221E-01  0.583435512281424E-01
  0.580043472564614E-01  0.575872095627267E-01  0.570924631998084E-01  0.565209097457154E-01
  0.558735928211128E-01  0.551520476921521E-01  0.543580542597068E-01  0.534938793180536E-01
  0.525620266109823E-01  0.515654607869325E-01  0.505073651633740E-01  0.493913368292475E-01
  0.482211631080508E-01  0.470009784900380E-01  0.457350703317837E-01  0.444279902883887E-01
  0.430843985111272E-01  0.417091248374419E-01  0.403070587208057E-01  0.388831583926440E-01
  0.374423911428185E-01  0.359896917169843E-01  0.345299545978648E-01  0.330679457606621E-01
  0.316083455622166E-01  0.301556203934418E-01  0.287141119474130E-01  0.272878770917786E-01
  0.258808169059464E-01  0.244964941417879E-01  0.231382936777649E-01  0.218092272262351E-01
  0.205121158480986E-01  0.192493911645260E-01  0.180232903204343E-01  0.168356619954524E-01
  0.156881646293481E-01  0.145820841677314E-01  0.135185273381471E-01  0.124982564900387E-01
  0.115218710701455E-01  0.105896632924910E-01  0.970178253229562E-02  0.885811404228204E-02
  0.805842258740812E-02  0.730225510406987E-02  0.658906143437910E-02  0.591812087187288E-02
  0.528863905357134E-02  0.469969753900169E-02  0.415032729617067E-02  0.363948100449617E-02
  0.316608284430911E-02  0.272902128818152E-02  0.232718032169729E-02  0.195946169024669E-02
  0.162478323916231E-02  0.132210945373946E-02  0.105047410722144E-02  0.809141484680734E-03
  0.597444075478978E-03  0.414756674305238E-03  0.260973750761482E-03  0.138026168773832E-03
  0.490542809125142E-04 -0.102053899928946E-16 -0.102053899928946E-16 -0.490542809125295E-04
 -0.138026168773841E-03 -0.260973750761488E-03 -0.414756674305250E-03 -0.597444075479004E-03
 -0.809141484680766E-03 -0.105047410722146E-02 -0.132210945373946E-02 -0.162478323916232E-02
 -0.195946169024671E-02 -0.232718032169730E-02 -0.272902128818153E-02 -0.316608284430914E-02
 -0.363948100449621E-02 -0.415032729617068E-02 -0.469969753900167E-02 -0.528863905357134E-02
 -0.591812087187291E-02 -0.658906143437915E-02 -0.730225510406991E-02 -0.805842258740814E-02
 -0.885811404228206E-02 -0.970178253229570E-02 -0.105896632924911E-01 -0.115218710701456E-01
 -0.124982564900387E-01 -0.135185273381471E-01 -0.145820841677314E-01 -0.156881646293482E-01
 -0.168356619954524E-01 -0.180232903204343E-01 -0.192493911645260E-01 -0.205121158480986E-01
 -0.218092272262351E-01 -0.231382936777649E-01 -0.244964941417880E-01 -0.258808169059464E-01
 -0.272878770917787E-01 -0.287141119474130E-01 -0.301556203934418E-01 -0.316083455622165E-01
 -0.330679457606621E-01 -0.345299545978648E-01 -0.359896917169844E-01 -0.374423911428185E-01
 -0.388831583926440E-01 -0.403070587208057E-01 -0.417091248374419E-01 -0.430843985111272E-01
 -0.444279902883888E-01 -0.457350703317837E-01 -0.470009784900380E-01 -0.482211631080508E-01
 -0.493913368292476E-01 -0.505073651633741E-01 -0.515654607869326E-01 -0.525620266109823E-01
 -0.534938793180536E-01 -0.543580542597068E-01 -0.551520476921521E-01 -0.558735928211129E-01
 -0.565209097457154E-01 -0.570924631998084E-01 -0.575872095627266E-01 -0.580043472564613E-01
 -0.583435512281424E-01 -0.586047265791221E-01 -0.587882225025027E-01 -0.588945986517174E-01
 -0.589248124297736E-01 -0.588800060176558E-01 -0.587616629586837E-01 -0.585714218574418E-01
 -0.583112002012379E-01 -0.579830387070245E-01 -0.575891921276093E-01 -0.571320062450574E-01
 -0.566139769226085E-01 -0.560376599593586E-01 -0.554057008166527E-01 -0.547207760566799E-01
 -0.539855969827543E-01 -0.532028802346815E-01 -0.523753290571077E-01 -0.515056298275990E-01
 -0.505964148505602E-01 -0.496502811283559E-01 -0.486697385283509E-01 -0.476572469291719E-01
 -0.466151533894910E-01 -0.455457438535374E-01 -0.444511726277222E-01 -0.433335250488703E-01
 -0.421947422132820E-01 -0.410366913341132E-01 -0.398610883324675E-01 -0.386695729744129E-01
 -0.374636316979279E-01 -0.362446749618635E-01 -0.350139626366484E-01 -0.337726812494403E-01
 -0.325218745427322E-01 -0.312625183698154E-01 -0.299954598118364E-01 -0.287214872602688E-01
 -0.274412831200377E-01 -0.261554858374459E-01 -0.248646640108552E-01 -0.235693657307133E-01
 -0.222701269037543E-01 -0.209674996779005E-01 -0.196621133495422E-01 -0.183546708753874E-01
 -0.170460927049478E-01 -0.157374529744925E-01 -0.144302230745173E-01 -0.131261413164004E-01
 -0.118276164408218E-01 -0.105373917556633E-01 -0.925887840831095E-02 -0.799596459649664E-02
 -0.675377887983018E-02 -0.553734535328705E-02 -0.435002989142729E-02 -0.319641453651327E-02
 -0.208760422203214E-02 -0.102941693683450E-02  0.366722528253570E-31  0.102941693683448E-02
  0.208760422203209E-02  0.319641453651324E-02  0.435002989142724E-02  0.553734535328690E-02
  0.675377887982995E-02  0.799596459649648E-02  0.925887840831088E-02  0.105373917556632E-01
  0.118276164408217E-01  0.131261413164003E-01  0.144302230745172E-01  0.157374529744923E-01
  0.170460927049476E-01  0.183546708753873E-01  0.196621133495421E-01  0.209674996779004E-01
  0.222701269037542E-01  0.235693657307132E-01  0.248646640108551E-01  0.261554858374459E-01
  0.274412831200376E-01  0.287214872602688E-01  0.299954598118364E-01  0.312625183698153E-01
  0.325218745427322E-01  0.337726812494402E-01  0.350139626366484E-01  0.362446749618634E-01
  0.374636316979279E-01  0.386695729744129E-01  0.398610883324675E-01  0.410366913341132E-01
  0.421947422132819E-01  0.433335250488702E-01  0.444511726277221E-01  0.455457438535374E-01
  0.466151533894910E-01  0.476572469291718E-01  0.486697385283508E-01  0.496502811283559E-01
  0.505964148505603E-01  0.515056298275991E-01  0.523753290571077E-01  0.532028802346815E-01
  0.539855969827543E-01  0.547207760566799E-01  0.554057008166527E-01  0.560376599593586E-01
  0.566139769226085E-01  0.571320062450574E-01  0.575891921276093E-01  0.579830387070245E-01
  0.583112002012379E-01  0.585714218574418E-01  0.587616629586837E-01  0.588800060176558E-01
  0.589248124297736E-01  0.588945986517174E-01  0.587882225025027E-01  0.586047265791221E-01
  0.583435512281424E-01  0.580043472564614E-01  0.575872095627267E-01  0.570924631998084E-01
  0.565209097457154E-01  0.558735928211128E-01  0.551520476921521E-01  0.543580542597068E-01
  0.534938793180536E-01  0.525620266109823E-01  0.515654607869325E-01  0.505073651633740E-01
  0.493913368292475E-01  0.482211631080508E-01  0.470009784900380E-01  0.457350703317837E-01
  0.444279902883887E-01  0.430843985111272E-01  0.417091248374419E-01  0.403070587208057E-01
  0.388831583926440E-01  0.374423911428185E-01  0.359896917169843E-01  0.345299545978648E-01
  0.330679457606621E-01  0.316083455622166E-01  0.301556203934418E-01  0.287141119474130E-01
  0.272878770917786E-01  0.258808169059464E-01  0.244964941417879E-01  0.231382936777649E-01
  0.218092272262351E-01  0.205121158480986E-01  0.192493911645260E-01  0.180232903204343E-01
  0.168356619954524E-01  0.156881646293481E-01  0.145820841677314E-01  0.135185273381471E-01
  0.124982564900387E-01  0.115218710701455E-01  0.105896632924910E-01  0.970178253229562E-02
  0.885811404228204E-02  0.805842258740812E-02  0.730225510406987E-02  0.658906143437910E-02
  0.591812087187288E-02  0.528863905357134E-02  0.469969753900169E-02  0.415032729617067E-02
  0.363948100449617E-02  0.316608284430911E-02  0.272902128818152E-02  0.232718032169729E-02
  0.195946169024669E-02  0.162478323916231E-02  0.132210945373946E-02  0.105047410722144E-02
  0.809141484680734E-03  0.597444075478978E-03  0.414756674305238E-03  0.260973750761482E-03
  0.138026168773832E-03  0.490542809125142E-04 -0.102053899928946E-16 -0.102053899928946E-16
 -0.490542809125295E-04 -0.138026168773841E-03 -0.260973750761488E-03 -0.414756674305250E-03
 -0.597444075479004E-03 -0.809141484680766E-03 -0.105047410722146E-02 -0.132210945373946E-02
 -0.162478323916232E-02 -0.195946169024671E-02 -0.232718032169730E-02 -0.272902128818153E-02
 -0.316608284430914E-02 -0.363948100449621E-02 -0.415032729617068E-02 -0.469969753900167E-02
 -0.528863905357134E-02 -0.591812087187291E-02 -0.658906143437915E-02 -0.730225510406991E-02
 -0.805842258740814E-02 -0.885811404228206E-02 -0.970178253229570E-02 -0.105896632924911E-01
 -0.115218710701456E-01 -0.124982564900387E-01 -0.135185273381471E-01 -0.145820841677314E-01
 -0.156881646293482E-01 -0.168356619954524E-01 -0.180232903204343E-01 -0.192493911645260E-01
 -0.205121158480986E-01 -0.218092272262351E-01 -0.231382936777649E-01 -0.244964941417880E-01
 -0.258808169059464E-01 -0.272878770917787E-01 -0.287141119474130E-01 -0.301556203934418E-01
 -0.316083455622165E-01 -0.330679457606621E-01 -0.345299545978648E-01 -0.359896917169844E-01
 -0.374423911428185E-01 -0.388831583926440E-01 -0.403070587208057E-01 -0.417091248374419E-01
 -0.430843985111272E-01 -0.444279902883888E-01 -0.457350703317837E-01 -0.470009784900380E-01
 -0.482211631080508E-01 -0.493913368292476E-01 -0.505073651633741E-01 -0.515654607869326E-01
 -0.525620266109823E-01 -0.534938793180536E-01 -0.543580542597068E-01 -0.551520476921521E-01
 -0.558735928211129E-01 -0.565209097457154E-01 -0.570924631998084E-01 -0.575872095627266E-01
 -0.580043472564613E-01 -0.583435512281424E-01 -0.586047265791221E-01 -0.587882225025027E-01
 -0.588945986517174E-01 -0.589248124297736E-01 -0.588800060176558E-01 -0.587616629586837E-01
 -0.585714218574418E-01 -0.583112002012379E-01 -0.579830387070245E-01 -0.575891921276093E-01
 -0.571320062450574E-01 -0.566139769226085E-01 -0.560376599593586E-01 -0.554057008166527E-01
 -0.547207760566799E-01 -0.539855969827543E-01 -0.532028802346815E-01 -0.523753290571077E-01
 -0.515056298275990E-01 -0.505964148505602E-01 -0.496502811283559E-01 -0.486697385283509E-01
 -0.476572469291719E-01 -0.466151533894910E-01 -0.455457438535374E-01 -0.444511726277222E-01
 -0.433335250488703E-01 -0.421947422132820E-01 -0.410366913341132E-01 -0.398610883324675E-01
 -0.386695729744129E-01 -0.374636316979279E-01 -0.362446749618635E-01 -0.350139626366484E-01
 -0.337726812494403E-01 -0.325218745427322E-01 -0.312625183698154E-01 -0.299954598118364E-01
 -0.287214872602688E-01 -0.274412831200377E-01 -0.261554858374459E-01 -0.248646640108552E-01
 -0.235693657307133E-01 -0.222701269037543E-01 -0.209674996779005E-01 -0.196621133495422E-01
 -0.183546708753874E-01 -0.170460927049478E-01 -0.157374529744925E-01 -0.144302230745173E-01
 -0.131261413164004E-01 -0.118276164408218E-01 -0.105373917556633E-01 -0.925887840831095E-02
 -0.799596459649664E-02 -0.675377887983018E-02 -0.553734535328705E-02 -0.435002989142729E-02
 -0.319641453651327E-02 -0.208760422203214E-02 -0.102941693683450E-02  0.366722528253570E-31
  0.102941693683448E-02  0.208760422203209E-02  0.319641453651324E-02  0.435002989142724E-02
  0.553734535328690E-02  0.675377887982995E-02  0.799596459649648E-02  0.925887840831088E-02
  0.105373917556632E-01  0.118276164408217E-01  0.131261413164003E-01  0.144302230745172E-01
  0.157374529744923E-01  0.170460927049476E-01  0.183546708753873E-01  0.196621133495421E-01
  0.209674996779004E-01  0.222701269037542E-01  0.235693657307132E-01  0.248646640108551E-01
  0.261554858374459E-01  0.274412831200376E-01  0.287214872602688E-01  0.299954598118364E-01
  0.312625183698153E-01  0.325218745427322E-01  0.337726812494402E-01  0.350139626366484E-01
  0.362446749618634E-01  0.374636316979279E-01  0.386695729744129E-01  0.398610883324675E-01
  0.410366913341132E-01  0.421947422132819E-01  0.433335250488702E-01  0.444511726277221E-01
  0.455457438535374E-01  0.466151533894910E-01  0.476572469291718E-01  0.486697385283508E-01
  0.496502811283559E-01  0.505964148505603E-01  0.515056298275991E-01  0.523753290571077E-01
  0.532028802346815E-01  0.539855969827543E-01  0.547207760566799E-01  0.554057008166527E-01
  0.560376599593586E-01  0.566139769226085E-01  0.571320062450574E-01  0.575891921276093E-01
  0.579830387070245E-01  0.583112002012379E-01  0.585714218574418E-01  0.587616629586837E-01
  0.588800060176558E-01  0.589248124297736E-01  0.588945986517174E-01  0.587882225025027E-01
  0.586047265791221E-01  0.583435512281424E-01  0.580043472564614E-01  0.575872095627267E-01
  0.570924631998084E-01  0.565209097457154E-01  0.558735928211128E-01  0.551520476921521E-01
  0.543580542597068E-01  0.534938793180536E-01  0.525620266109823E-01  0.515654607869325E-01
  0.505073651633740E-01  0.493913368292475E-01  0.482211631080508E-01  0.470009784900380E-01
  0.457350703317837E-01  0.444279902883887E-01  0.430843985111272E-01  0.417091248374419E-01
  0.403070587208057E-01  0.388831583926440E-01  0.374423911428185E-01  0.359896917169843E-01
  0.345299545978648E-01  0.330679457606621E-01  0.316083455622166E-01  0.301556203934418E-01
  0.287141119474130E-01  0.272878770917786E-01  0.258808169059464E-01  0.244964941417879E-01
  0.231382936777649E-01  0.218092272262351E-01  0.205121158480986E-01  0.192493911645260E-01
  0.180232903204343E-01  0.168356619954524E-01  0.156881646293481E-01  0.145820841677314E-01
  0.135185273381471E-01  0.124982564900387E-01  0.115218710701455E-01  0.105896632924910E-01
  0.970178253229562E-02  0.885811404228204E-02  0.805842258740812E-02  0.730225510406987E-02
  0.658906143437910E-02  0.591812087187288E-02  0.528863905357134E-02  0.469969753900169E-02
  0.415032729617067E-02  0.363948100449617E-02  0.316608284430911E-02  0.272902128818152E-02
  0.232718032169729E-02  0.195946169024669E-02  0.162478323916231E-02  0.132210945373946E-02
  0.105047410722144E-02  0.809141484680734E-03  0.597444075478978E-03  0.414756674305238E-03
  0.260973750761482E-03  0.138026168773832E-03  0.490542809125142E-04 -0.102053899928946E-16
  0.000000000000000E+00  0.000000000000000E+00  0.000000000000000E+00  0.000000000000000E+00
  0.000000000000000E+00  0.000000000000000E+00  0.000000000000000E+00  0.000000000000000E+00
  0.000000000000000E+00  0.000000000000000E+00  0.000000000000000E+00  0.000000000000000E+00
  0.000000000000000E+00  0.000000000000000E+00  0.000000000000000E+00  0.000000000000000E+00
  0.000000000000000E+00  0.000000000000000E+00  0.000000000000000E+00  0.000000000000000E+00
  0.000000000000000E+00  0.000000000000000E+00  0.000000000000000E+00  0.000000000000000E+00
  0.000000000000000E+00  0.000000000000000E+00  0.000000000000000E+00  0.000000000000000E+00
  0.000000000000000E+00  0.000000000000000E+00  0.000000000000000E+00  0.000000000000000E+00
  0.000000000000000E+00  0.000000000000000E+00  0.000000000000000E+00  0.000000000000000E+00
  0.000000000000000E+00  0.000000000000000E+00  0.000000000000000E+00  0.000000000000000E+00
  0.000000000000000E+00  0.000000000000000E+00  0.000000000000000E+00  0.000000000000000E+00
  0.000000000000000E+00  0.000000000000000E+00  0.000000000000000E+00  0.000000000000000E+00
  0.000000000000000E+00  0.000000000000000E+00  0.000000000000000E+00  0.000000000000000E+00
  0.000000000000000E+00  0.000000000000000E+00  0.000000000000000E+00  0.000000000000000E+00
  0.000000000000000E+00  0.000000000000000E+00  0.000000000000000E+00  0.000000000000000E+00
  0.000000000000000E+00  0.000000000000000E+00  0.000000000000000E+00  0.000000000000000E+00
  0.000000000000000E+00  0.000000000000000E+00  0.000000000000000E+00  0.000000000000000E+00
  0.000000000000000E+00  0.000000000000000E+00  0.000000000000000E+00  0.000000000000000E+00
  0.000000000000000E+00  0.000000000000000E+00  0.000000000000000E+00  0.000000000000000E+00
  0.000000000000000E+00  0.000000000000000E+00  0.000000000000000E+00  0.000000000000000E+00
  0.000000000000000E+00  0.000000000000000E+00  0.000000000000000E+00  0.000000000000000E+00
  0.000000000000000E+00  0.000000000000000E+00  0.000000000000000E+00  0.000000000000000E+00
  0.000000000000000E+00  0.000000000000000E+00  0.000000000000000E+00  0.000000000000000E+00
  0.000000000000000E+00  0.000000000000000E+00  0.000000000000000E+00  0.000000000000000E+00
  0.000000000000000E+00  0.000000000000000E+00  0.000000000000000E+00  0.000000000000000E+00
  0.000000000000000E+00  0.000000000000000E+00  0.000000000000000E+00  0.000000000000000E+00
  0.000000000000000E+00  0.000000000000000E+00  0.000000000000000E+00  0.000000000000000E+00
  0.000000000000000E+00  0.000000000000000E+00  0.000000000000000E+00  0.000000000000000E+00
  0.000000000000000E+00  0.000000000000000E+00  0.000000000000000E+00  0.000000000000000E+00
  0.000000000000000E+00  0.000000000000000E+00  0.000000000000000E+00  0.000000000000000E+00
  0.000000000000000E+00  0.000000000000000E+00  0.000000000000000E+00  0.000000000000000E+00
  0.000000000000000E+00  0.000000000000000E+00  0.000000000000000E+00  0.000000000000000E+00
  0.000000000000000E+00  0.000000000000000E+00  0.000000000000000E+00  0.000000000000000E+00
  0.000000000000000E+00  0.000000000000000E+00  0.000000000000000E+00  0.000000000000000E+00
  0.000000000000000E+00  0.000000000000000E+00  0.000000000000000E+00  0.000000000000000E+00
  0.000000000000000E+00  0.000000000000000E+00  0.000000000000000E+00  0.000000000000000E+00
  0.000000000000000E+00  0.000000000000000E+00  0.000000000000000E+00  0.000000000000000E+00
  0.000000000000000E+00  0.000000000000000E+00  0.000000000000000E+00  0.000000000000000E+00
  0.000000000000000E+00  0.000000000000000E+00  0.000000000000000E+00  0.000000000000000E+00
  0.000000000000000E+00  0.000000000000000E+00  0.000000000000000E+00  0.000000000000000E+00
  0.000000000000000E+00  0.000000000000000E+00  0.000000000000000E+00  0.000000000000000E+00
  0.000000000000000E+00  0.000000000000000E+00  0.000000000000000E+00  0.000000000000000E+00
  0.000000000000000E+00  0.000000000000000E+00  0.000000000000000E+00  0.000000000000000E+00
  0.000000000000000E+00  0.000000000000000E+00  0.000000000000000E+00  0.000000000000000E+00
  0.000000000000000E+00  0.000000000000000E+00  0.000000000000000E+00  0.000000000000000E+00
  0.000000000000000E+00  0.000000000000000E+00  0.000000000000000E+00  0.000000000000000E+00
  0.000000000000000E+00  0.000000000000000E+00  0.000000000000000E+00  0.000000000000000E+00
  0.000000000000000E+00  0.000000000000000E+00  0.000000000000000E+00  0.000000000000000E+00
  0.000000000000000E+00  0.000000000000000E+00  0.000000000000000E+00  0.000000000000000E+00
  0.000000000000000E+00  0.000000000000000E+00  0.000000000000000E+00  0.000000000000000E+00
  0.000000000000000E+00  0.000000000000000E+00  0.000000000000000E+00  0.000000000000000E+00
  0.000000000000000E+00  0.000000000000000E+00  0.000000000000000E+00  0.000000000000000E+00
  0.000000000000000E+00  0.000000000000000E+00  0.000000000000000E+00  0.000000000000000E+00
  0.000000000000000E+00  0.000000000000000E+00  0.000000000000000E+00  0.000000000000000E+00
  0.000000000000000E+00  0.000000000000000E+00  0.000000000000000E+00  0.000000000000000E+00
  0.000000000000000E+00  0.000000000000000E+00  0.000000000000000E+00  0.000000000000000E+00
  0.000000000000000E+00  0.000000000000000E+00  0.000000000000000E+00  0.000000000000000E+00
  0.000000000000000E+00  0.000000000000000E+00  0.000000000000000E+00  0.000000000000000E+00
  0.000000000000000E+00  0.000000000000000E+00  0.000000000000000E+00  0.000000000000000E+00
  0.000000000000000E+00  0.000000000000000E+00  0.000000000000000E+00  0.000000000000000E+00
  0.000000000000000E+00  0.000000000000000E+00  0.000000000000000E+00  0.000000000000000E+00
  0.000000000000000E+00  0.000000000000000E+00  0.000000000000000E+00  0.000000000000000E+00
  0.000000000000000E+00  0.000000000000000E+00  0.000000000000000E+00  0.000000000000000E+00
  0.000000000000000E+00  0.000000000000000E+00  0.000000000000000E+00  0.000000000000000E+00
  0.000000000000000E+00  0.000000000000000E+00  0.000000000000000E+00  0.000000000000000E+00
  0.000000000000000E+00  0.000000000000000E+00  0.000000000000000E+00  0.000000000000000E+00
  0.000000000000000E+00  0.000000000000000E+00  0.000000000000000E+00  0.000000000000000E+00
  0.000000000000000E+00  0.000000000000000E+00  0.000000000000000E+00  0.000000000000000E+00
  0.000000000000000E+00  0.000000000000000E+00  0.000000000000000E+00  0.000000000000000E+00
  0.000000000000000E+00  0.000000000000000E+00  0.000000000000000E+00  0.000000000000000E+00
  0.000000000000000E+00  0.000000000000000E+00  0.000000000000000E+00  0.000000000000000E+00
  0.000000000000000E+00  0.000000000000000E+00  0.000000000000000E+00  0.000000000000000E+00
  0.000000000000000E+00  0.000000000000000E+00  0.000000000000000E+00  0.000000000000000E+00
  0.000000000000000E+00  0.000000000000000E+00  0.000000000000000E+00  0.000000000000000E+00
  0.000000000000000E+00  0.000000000000000E+00  0.000000000000000E+00  0.000000000000000E+00
  0.000000000000000E+00  0.000000000000000E+00  0.000000000000000E+00  0.000000000000000E+00
  0.000000000000000E+00  0.000000000000000E+00  0.000000000000000E+00  0.000000000000000E+00
  0.000000000000000E+00  0.000000000000000E+00  0.000000000000000E+00  0.000000000000000E+00
  0.000000000000000E+00  0.000000000000000E+00  0.000000000000000E+00  0.000000000000000E+00
  0.000000000000000E+00  0.000000000000000E+00  0.000000000000000E+00  0.000000000000000E+00
  0.000000000000000E+00  0.000000000000000E+00  0.000000000000000E+00  0.000000000000000E+00
  0.000000000000000E+00  0.000000000000000E+00  0.000000000000000E+00  0.000000000000000E+00
  0.000000000000000E+00  0.000000000000000E+00  0.000000000000000E+00  0.000000000000000E+00
  0.000000000000000E+00  0.000000000000000E+00  0.000000000000000E+00  0.000000000000000E+00
  0.000000000000000E+00  0.000000000000000E+00  0.000000000000000E+00  0.000000000000000E+00
  0.000000000000000E+00  0.000000000000000E+00  0.000000000000000E+00  0.000000000000000E+00
  0.000000000000000E+00  0.000000000000000E+00  0.000000000000000E+00  0.000000000000000E+00
  0.000000000000000E+00  0.000000000000000E+00  0.000000000000000E+00  0.000000000000000E+00
  0.000000000000000E+00  0.000000000000000E+00  0.000000000000000E+00  0.000000000000000E+00
  0.000000000000000E+00  0.000000000000000E+00  0.000000000000000E+00  0.000000000000000E+00
  0.000000000000000E+00  0.000000000000000E+00  0.000000000000000E+00  0.000000000000000E+00
  0.000000000000000E+00  0.000000000000000E+00  0.000000000000000E+00  0.000000000000000E+00
  0.000000000000000E+00  0.000000000000000E+00  0.000000000000000E+00  0.000000000000000E+00
  0.000000000000000E+00  0.000000000000000E+00  0.000000000000000E+00  0.000000000000000E+00
  0.000000000000000E+00  0.000000000000000E+00  0.000000000000000E+00  0.000000000000000E+00
  0.000000000000000E+00  0.000000000000000E+00  0.000000000000000E+00  0.000000000000000E+00
  0.000000000000000E+00  0.000000000000000E+00  0.000000000000000E+00  0.000000000000000E+00
  0.000000000000000E+00  0.000000000000000E+00  0.000000000000000E+00  0.000000000000000E+00
  0.000000000000000E+00  0.000000000000000E+00  0.000000000000000E+00  0.000000000000000E+00
  0.000000000000000E+00  0.000000000000000E+00  0.000000000000000E+00  0.000000000000000E+00
  0.000000000000000E+00  0.000000000000000E+00  0.000000000000000E+00  0.000000000000000E+00
  0.000000000000000E+00  0.000000000000000E+00  0.000000000000000E+00  0.000000000000000E+00
  0.000000000000000E+00  0.000000000000000E+00  0.000000000000000E+00  0.000000000000000E+00
  0.000000000000000E+00  0.000000000000000E+00  0.000000000000000E+00  0.000000000000000E+00
  0.000000000000000E+00  0.000000000000000E+00  0.000000000000000E+00  0.000000000000000E+00
  0.000000000000000E+00  0.000000000000000E+00  0.000000000000000E+00  0.000000000000000E+00
  0.000000000000000E+00  0.000000000000000E+00  0.000000000000000E+00  0.000000000000000E+00
  0.000000000000000E+00  0.000000000000000E+00  0.000000000000000E+00  0.000000000000000E+00
  0.000000000000000E+00  0.000000000000000E+00  0.000000000000000E+00  0.000000000000000E+00
  0.000000000000000E+00  0.000000000000000E+00  0.000000000000000E+00  0.000000000000000E+00
  0.000000000000000E+00  0.000000000000000E+00  0.000000000000000E+00  0.000000000000000E+00
  0.000000000000000E+00  0.000000000000000E+00  0.000000000000000E+00  0.000000000000000E+00
  0.000000000000000E+00  0.000000000000000E+00  0.000000000000000E+00  0.000000000000000E+00
  0.000000000000000E+00  0.000000000000000E+00  0.000000000000000E+00  0.000000000000000E+00
  0.000000000000000E+00  0.000000000000000E+00  0.000000000000000E+00  0.000000000000000E+00
  0.000000000000000E+00  0.000000000000000E+00  0.000000000000000E+00  0.000000000000000E+00
  0.000000000000000E+00  0.000000000000000E+00  0.000000000000000E+00  0.000000000000000E+00
  0.000000000000000E+00  0.000000000000000E+00  0.000000000000000E+00  0.000000000000000E+00
  0.000000000000000E+00  0.000000000000000E+00  0.000000000000000E+00  0.000000000000000E+00
  0.000000000000000E+00  0.000000000000000E+00  0.000000000000000E+00  0.000000000000000E+00
  0.000000000000000E+00  0.000000000000000E+00  0.000000000000000E+00  0.000000000000000E+00
  0.000000000000000E+00  0.000000000000000E+00  0.000000000000000E+00  0.000000000000000E+00
  0.000000000000000E+00  0.000000000000000E+00  0.000000000000000E+00  0.000000000000000E+00
  0.000000000000000E+00  0.000000000000000E+00  0.000000000000000E+00  0.000000000000000E+00
  0.000000000000000E+00  0.000000000000000E+00  0.000000000000000E+00  0.000000000000000E+00
  0.000000000000000E+00  0.000000000000000E+00  0.000000000000000E+00  0.000000000000000E+00
  0.000000000000000E+00  0.000000000000000E+00  0.000000000000000E+00  0.000000000000000E+00
  0.000000000000000E+00  0.000000000000000E+00  0.000000000000000E+00  0.000000000000000E+00
  0.000000000000000E+00  0.000000000000000E+00  0.100000000000000E+01  0.100000000000000E+01
  0.100000000000000E+01  0.100000000000000E+01  0.100000000000000E+01  0.100000000000000E+01
  0.100000000000000E+01  0.100000000000000E+01  0.100000000000000E+01  0.100000000000000E+01
  0.100000000000000E+01  0.100000000000000E+01  0.100000000000000E+01  0.100000000000000E+01
  0.100000000000000E+01  0.100000000000000E+01  0.100000000000000E+01  0.100000000000000E+01
  0.100000000000000E+01  0.100000000000000E+01  0.100000000000000E+01  0.100000000000000E+01
  0.100000000000000E+01  0.100000000000000E+01  0.100000000000000E+01  0.100000000000000E+01
  0.100000000000000E+01  0.100000000000000E+01  0.100000000000000E+01  0.100000000000000E+01
  0.100000000000000E+01  0.100000000000000E+01  0.100000000000000E+01  0.100000000000000E+01
  0.100000000000000E+01  0.100000000000000E+01  0.100000000000000E+01  0.100000000000000E+01
  0.100000000000000E+01  0.100000000000000E+01  0.100000000000000E+01  0.100000000000000E+01
  0.100000000000000E+01  0.100000000000000E+01  0.100000000000000E+01  0.100000000000000E+01
  0.100000000000000E+01  0.100000000000000E+01  0.100000000000000E+01  0.100000000000000E+01
  0.100000000000000E+01  0.100000000000000E+01  0.100000000000000E+01  0.100000000000000E+01
  0.100000000000000E+01  0.100000000000000E+01  0.100000000000000E+01  0.100000000000000E+01
  0.100000000000000E+01  0.100000000000000E+01  0.100000000000000E+01  0.100000000000000E+01
  0.100000000000000E+01  0.100000000000000E+01  0.100000000000000E+01  0.100000000000000E+01
  0.100000000000000E+01  0.100000000000000E+01  0.100000000000000E+01  0.100000000000000E+01
  0.100000000000000E+01  0.100000000000000E+01  0.100000000000000E+01  0.100000000000000E+01
  0.100000000000000E+01  0.100000000000000E+01  0.100000000000000E+01  0.100000000000000E+01
  0.100000000000000E+01  0.100000000000000E+01  0.100000000000000E+01  0.100000000000000E+01
  0.100000000000000E+01  0.100000000000000E+01  0.100000000000000E+01  0.100000000000000E+01
  0.100000000000000E+01  0.100000000000000E+01  0.100000000000000E+01  0.100000000000000E+01
  0.100000000000000E+01  0.100000000000000E+01  0.100000000000000E+01  0.100000000000000E+01
  0.100000000000000E+01  0.100000000000000E+01  0.100000000000000E+01  0.100000000000000E+01
  0.100000000000000E+01  0.100000000000000E+01  0.100000000000000E+01  0.100000000000000E+01
  0.100000000000000E+01  0.100000000000000E+01  0.100000000000000E+01  0.100000000000000E+01
  0.100000000000000E+01  0.100000000000000E+01  0.100000000000000E+01  0.100000000000000E+01
  0.100000000000000E+01  0.100000000000000E+01  0.100000000000000E+01  0.100000000000000E+01
  0.100000000000000E+01  0.100000000000000E+01  0.100000000000000E+01  0.100000000000000E+01
  0.100000000000000E+01  0.100000000000000E+01  0.100000000000000E+01  0.100000000000000E+01
  0.100000000000000E+01  0.100000000000000E+01  0.100000000000000E+01  0.100000000000000E+01
  0.100000000000000E+01  0.100000000000000E+01  0.100000000000000E+01  0.100000000000000E+01
  0.100000000000000E+01  0.100000000000000E+01  0.100000000000000E+01  0.100000000000000E+01
  0.100000000000000E+01  0.100000000000000E+01  0.100000000000000E+01  0.100000000000000E+01
  0.100000000000000E+01  0.100000000000000E+01  0.100000000000000E+01  0.100000000000000E+01
  0.100000000000000E+01  0.100000000000000E+01  0.100000000000000E+01  0.100000000000000E+01
  0.100000000000000E+01  0.100000000000000E+01  0.100000000000000E+01  0.100000000000000E+01
  0.100000000000000E+01  0.100000000000000E+01  0.100000000000000E+01  0.100000000000000E+01
  0.100000000000000E+01  0.100000000000000E+01  0.100000000000000E+01  0.100000000000000E+01
  0.100000000000000E+01  0.100000000000000E+01  0.100000000000000E+01  0.100000000000000E+01
  0.100000000000000E+01  0.100000000000000E+01  0.100000000000000E+01  0.100000000000000E+01
  0.100000000000000E+01  0.100000000000000E+01  0.100000000000000E+01  0.100000000000000E+01
  0.100000000000000E+01  0.100000000000000E+01  0.100000000000000E+01  0.100000000000000E+01
  0.100000000000000E+01  0.100000000000000E+01  0.100000000000000E+01  0.100000000000000E+01
  0.100000000000000E+01  0.100000000000000E+01  0.100000000000000E+01  0.100000000000000E+01
  0.100000000000000E+01  0.100000000000000E+01  0.100000000000000E+01  0.100000000000000E+01
  0.100000000000000E+01  0.100000000000000E+01  0.100000000000000E+01  0.100000000000000E+01
  0.100000000000000E+01  0.100000000000000E+01  0.100000000000000E+01  0.100000000000000E+01
  0.100000000000000E+01  0.100000000000000E+01  0.100000000000000E+01  0.100000000000000E+01
  0.100000000000000E+01  0.100000000000000E+01  0.100000000000000E+01  0.100000000000000E+01
  0.100000000000000E+01  0.100000000000000E+01  0.100000000000000E+01  0.100000000000000E+01
  0.100000000000000E+01  0.100000000000000E+01  0.100000000000000E+01  0.100000000000000E+01
  0.100000000000000E+01  0.100000000000000E+01  0.100000000000000E+01  0.100000000000000E+01
  0.100000000000000E+01  0.100000000000000E+01  0.100000000000000E+01  0.100000000000000E+01
  0.100000000000000E+01  0.100000000000000E+01  0.100000000000000E+01  0.100000000000000E+01
  0.100000000000000E+01  0.100000000000000E+01  0.100000000000000E+01  0.100000000000000E+01
  0.100000000000000E+01  0.100000000000000E+01  0.100000000000000E+01  0.100000000000000E+01
  0.100000000000000E+01  0.100000000000000E+01  0.100000000000000E+01  0.100000000000000E+01
  0.100000000000000E+01  0.100000000000000E+01  0.100000000000000E+01  0.100000000000000E+01
  0.100000000000000E+01  0.100000000000000E+01  0.100000000000000E+01  0.100000000000000E+01
  0.100000000000000E+01  0.100000000000000E+01  0.100000000000000E+01  0.100000000000000E+01
  0.100000000000000E+01  0.100000000000000E+01  0.100000000000000E+01  0.100000000000000E+01
  0.100000000000000E+01  0.100000000000000E+01  0.100000000000000E+01  0.100000000000000E+01
  0.100000000000000E+01  0.100000000000000E+01  0.100000000000000E+01  0.100000000000000E+01
  0.100000000000000E+01  0.100000000000000E+01  0.100000000000000E+01  0.100000000000000E+01
  0.100000000000000E+01  0.100000000000000E+01  0.100000000000000E+01  0.100000000000000E+01
  0.100000000000000E+01  0.100000000000000E+01  0.100000000000000E+01  0.100000000000000E+01
  0.100000000000000E+01  0.100000000000000E+01  0.100000000000000E+01  0.100000000000000E+01
  0.100000000000000E+01  0.100000000000000E+01  0.100000000000000E+01  0.100000000000000E+01
  0.100000000000000E+01  0.100000000000000E+01  0.100000000000000E+01  0.100000000000000E+01
  0.100000000000000E+01  0.100000000000000E+01  0.100000000000000E+01  0.100000000000000E+01
  0.100000000000000E+01  0.100000000000000E+01  0.100000000000000E+01  0.100000000000000E+01
  0.100000000000000E+01  0.100000000000000E+01  0.100000000000000E+01  0.100000000000000E+01
  0.100000000000000E+01  0.100000000000000E+01  0.100000000000000E+01  0.100000000000000E+01
  0.100000000000000E+01  0.100000000000000E+01  0.100000000000000E+01  0.100000000000000E+01
  0.100000000000000E+01  0.100000000000000E+01  0.100000000000000E+01  0.100000000000000E+01
  0.100000000000000E+01  0.100000000000000E+01  0.100000000000000E+01  0.100000000000000E+01
  0.100000000000000E+01  0.100000000000000E+01  0.100000000000000E+01  0.100000000000000E+01
  0.100000000000000E+01  0.100000000000000E+01  0.100000000000000E+01  0.100000000000000E+01
  0.100000000000000E+01  0.100000000000000E+01  0.100000000000000E+01  0.100000000000000E+01
  0.100000000000000E+01  0.100000000000000E+01  0.100000000000000E+01  0.100000000000000E+01
  0.100000000000000E+01  0.100000000000000E+01  0.100000000000000E+01  0.100000000000000E+01
  0.100000000000000E+01  0.100000000000000E+01  0.100000000000000E+01  0.100000000000000E+01
  0.100000000000000E+01  0.100000000000000E+01  0.100000000000000E+01  0.100000000000000E+01
  0.100000000000000E+01  0.100000000000000E+01  0.100000000000000E+01  0.100000000000000E+01
  0.100000000000000E+01  0.100000000000000E+01  0.100000000000000E+01  0.100000000000000E+01
  0.100000000000000E+01  0.100000000000000E+01  0.100000000000000E+01  0.100000000000000E+01
  0.100000000000000E+01  0.100000000000000E+01  0.100000000000000E+01  0.100000000000000E+01
  0.100000000000000E+01  0.100000000000000E+01  0.100000000000000E+01  0.100000000000000E+01
  0.100000000000000E+01  0.100000000000000E+01  0.100000000000000E+01  0.100000000000000E+01
  0.100000000000000E+01  0.100000000000000E+01  0.100000000000000E+01  0.100000000000000E+01
  0.100000000000000E+01  0.100000000000000E+01  0.100000000000000E+01  0.100000000000000E+01
  0.100000000000000E+01  0.100000000000000E+01  0.100000000000000E+01  0.100000000000000E+01
  0.100000000000000E+01  0.100000000000000E+01  0.100000000000000E+01  0.100000000000000E+01
  0.100000000000000E+01  0.100000000000000E+01  0.100000000000000E+01  0.100000000000000E+01
  0.100000000000000E+01  0.100000000000000E+01  0.100000000000000E+01  0.100000000000000E+01
  0.100000000000000E+01  0.100000000000000E+01  0.100000000000000E+01  0.100000000000000E+01
  0.100000000000000E+01  0.100000000000000E+01  0.100000000000000E+01  0.100000000000000E+01
  0.100000000000000E+01  0.100000000000000E+01  0.100000000000000E+01  0.100000000000000E+01
  0.100000000000000E+01  0.100000000000000E+01  0.100000000000000E+01  0.100000000000000E+01
  0.100000000000000E+01  0.100000000000000E+01  0.100000000000000E+01  0.100000000000000E+01
  0.100000000000000E+01  0.100000000000000E+01  0.100000000000000E+01  0.100000000000000E+01
  0.100000000000000E+01  0.100000000000000E+01  0.100000000000000E+01  0.100000000000000E+01
  0.100000000000000E+01  0.100000000000000E+01  0.100000000000000E+01  0.100000000000000E+01
  0.100000000000000E+01  0.100000000000000E+01  0.100000000000000E+01  0.100000000000000E+01
  0.100000000000000E+01  0.100000000000000E+01  0.100000000000000E+01  0.100000000000000E+01
  0.100000000000000E+01  0.100000000000000E+01  0.100000000000000E+01  0.100000000000000E+01
  0.100000000000000E+01  0.100000000000000E+01  0.100000000000000E+01  0.100000000000000E+01
  0.100000000000000E+01  0.100000000000000E+01  0.100000000000000E+01  0.100000000000000E+01
  0.100000000000000E+01  0.100000000000000E+01  0.100000000000000E+01  0.100000000000000E+01
  0.100000000000000E+01  0.100000000000000E+01  0.100000000000000E+01  0.100000000000000E+01
  0.100000000000000E+01  0.100000000000000E+01  0.100000000000000E+01  0.100000000000000E+01
  0.100000000000000E+01  0.100000000000000E+01  0.100000000000000E+01  0.100000000000000E+01
  0.100000000000000E+01  0.100000000000000E+01  0.100000000000000E+01  0.100000000000000E+01
  0.100000000000000E+01  0.100000000000000E+01  0.100000000000000E+01  0.100000000000000E+01
  0.100000000000000E+01  0.100000000000000E+01  0.100000000000000E+01  0.100000000000000E+01
  0.100000000000000E+01  0.100000000000000E+01  0.100000000000000E+01  0.100000000000000E+01
  0.100000000000000E+01  0.100000000000000E+01  0.100000000000000E+01  0.100000000000000E+01
  0.100000000000000E+01  0.100000000000000E+01  0.100000000000000E+01  0.100000000000000E+01
  0.100000000000000E+01  0.100000000000000E+01  0.100000000000000E+01  0.100000000000000E+01
  0.100000000000000E+01  0.100000000000000E+01  0.100000000000000E+01  0.100000000000000E+01
  0.100000000000000E+01  0.100000000000000E+01  0.100000000000000E+01  0.100000000000000E+01
  0.100000000000000E+01  0.100000000000000E+01  0.100000000000000E+01  0.100000000000000E+01
  0.100000000000000E+01  0.100000000000000E+01  0.100000000000000E+01  0.100000000000000E+01
  0.100000000000000E+01  0.100000000000000E+01  0.100000000000000E+01  0.100000000000000E+01
  0.100000000000000E+01  0.100000000000000E+01  0.100000000000000E+01  0.100000000000000E+01
  0.100000000000000E+01  0.100000000000000E+01  0.100000000000000E+01  0.100000000000000E+01
  0.100000000000000E+01  0.100000000000000E+01  0.100000000000000E+01  0.100000000000000E+01
  0.100512359224411E+06
  0.100516646236027E+06
  0.100522162082167E+06
  0.100524760628957E+06
  0.100525038918288E+06
  0.100523427496194E+06
  0.100520956581115E+06
  0.100517836761576E+06
  0.100514221626786E+06
  0.100510095775959E+06
  0.100505535362873E+06
  0.100500514621307E+06
  0.100495055412773E+06
  0.100489157485853E+06
  0.100482829078843E+06
  0.100476077102194E+06
  0.100468891305775E+06
  0.100461289136985E+06
  0.100453248524893E+06
  0.100444796401704E+06
  0.100435900729034E+06
  0.100426598340487E+06
  0.100416849386852E+06
  0.100406700274060E+06
  0.100396105121829E+06
  0.100385119506961E+06
  0.100373693490993E+06
  0.100361891095326E+06
  0.100349660488288E+06
  0.100337073103766E+06
  0.100324077638662E+06
  0.100310751574821E+06
  0.100297046802182E+06
  0.100283045167139E+06
  0.100268704614246E+06
  0.100254109382732E+06
  0.100239226447009E+06
  0.100224140234967E+06
  0.100208829726366E+06
  0.100193377180116E+06
  0.100177776419314E+06
  0.100162105122949E+06
  0.100146374505087E+06
  0.100130655316998E+06
  0.100114978264431E+06
  0.100099405012110E+06
  0.100083987264322E+06
  0.100068775755776E+06
  0.100053843978980E+06
  0.100039230327741E+06
  0.100025030068666E+06
  0.100011268374679E+06
  0.999980614291166E+05
  0.999854209057906E+05
  0.999734822183174E+05
  0.999622439019771E+05
  0.999518581541319E+05
  0.999423113709375E+05
  0.999337694464705E+05
  0.999262082391428E+05
  0.999198037730504E+05
  0.999145235021164E+05
  0.999105497227880E+05
  0.999078440520716E+05
  0.999065911168699E+05
  0.999067495848241E+05
  0.999085025571416E+05
  0.999118088390781E+05
  0.999168464727250E+05
  0.999235775554441E+05
  0.999321719471511E+05
  0.999425981479530E+05
  0.999550152707721E+05
  0.999694011859743E+05
  0.999859023130675E+05
  0.100004508627817E+06
  0.100025352553565E+06
  0.100048438605192E+06
  0.100073884534130E+06
  0.100101711468922E+06
  0.100132022380810E+06
  0.100164856672431E+06
  0.100200302891192E+06
  0.100238419894460E+06
  0.100279282475012E+06
  0.100322969547777E+06
  0.100369542917751E+06
  0.100419101418879E+06
  0.100471694425381E+06
  0.100527439529458E+06
  0.100586373569840E+06
  0.100648630233757E+06
  0.100714232371909E+06
  0.100783324788308E+06
  0.100855912473413E+06
  0.100932142693278E+06
  0.101011994576750E+06
  0.101095603254990E+06
  0.101182907100949E+06
  0.101274004826131E+06
  0.101368767769601E+06
  0.101467218100213E+06
  0.101569115163421E+06
  0.101674338690294E+06
  0.101782460745776E+06
  0.101893111268755E+06
  0.102005551278220E+06
  0.102118989038005E+06
  0.102232176760162E+06
  0.102343634207845E+06
  0.102451301979760E+06
  0.102552625715037E+06
  0.102644315375755E+06
  0.102722259682286E+06
  0.102781465964486E+06
  0.102815840426760E+06
  0.102818159684884E+06
  0.102781459191596E+06
  0.102697514050213E+06
  0.102558547552988E+06
  0.102357976655054E+06
  0.102092668020711E+06
  0.101761495912689E+06
  0.101369383180916E+06
  0.100925511336179E+06
  0.100445801607554E+06
  0.999373234092945E+05
  0.994225072083567E+05
  0.989213165305891E+05
  0.983954069612226E+05
  0.978724095869137E+05
  0.973436401439179E+05
  0.968157107049459E+05
  0.963284105399488E+05
  0.958939492019645E+05
  0.955167781793514E+05
  0.951977389115426E+05
  0.949437407793387E+05
  0.947484173642383E+05
  0.946073216796722E+05
  0.945121356203134E+05
  0.944572362867870E+05
  0.944351656930472E+05
  0.944400498285228E+05
  0.944665418611429E+05
  0.945100507690595E+05
  0.945670960112067E+05
  0.946342779090710E+05
  0.947095120660260E+05
  0.947903958416509E+05
  0.948757662618652E+05
  0.949639376036071E+05
  0.950543310267439E+05
  0.951457657530001E+05
  0.952380164555773E+05
  0.953302500841055E+05
  0.954224480714502E+05
  0.955140185148278E+05
  0.956050569684543E+05
  0.956951410610950E+05
  0.957844225374435E+05
  0.958726009929648E+05
  0.959598481494557E+05
  0.960459539358667E+05
  0.961310874228043E+05
  0.962151077023881E+05
  0.962981670881523E+05
  0.963801794727454E+05
  0.964612717182265E+05
  0.965414025509051E+05
  0.966206681920572E+05
  0.966990650353740E+05
  0.967766558173105E+05
  0.968534691743849E+05
  0.969295331614320E+05
  0.970049042682999E+05
  0.970795759061920E+05
  0.971536285915149E+05
  0.972270221266277E+05
  0.972998574775961E+05
  0.973720627342433E+05
  0.974437557848771E+05
  0.975148356841263E+05
  0.975854336473145E+05
  0.976554230934142E+05
  0.977249448490417E+05
  0.977938507586314E+05
  0.978622874236203E+05
  0.979300897578508E+05
  0.979974062235439E+05
  0.980640599233981E+05
  0.981301972675313E+05
  0.981956350016279E+05
  0.982605136780102E+05
  0.983246493003765E+05
  0.983881729889251E+05
  0.984509055803688E+05
  0.985129655517046E+05
  0.985741838901487E+05
  0.986346637100101E+05
  0.986942509892778E+05
  0.987530313650446E+05
  0.988108699637153E+05
  0.988678335234257E+05
  0.989238096196611E+05
  0.989788454163187E+05
  0.990328532532053E+05
  0.990858608050036E+05
  0.991378064341160E+05
  0.991886991433601E+05
  0.992385035100522E+05
  0.992872113469507E+05
  0.993348126258074E+05
  0.993812840134844E+05
  0.994266391518675E+05
  0.994708420407795E+05
  0.995139275176218E+05
  0.995558496861227E+05
  0.995966615376452E+05
  0.996363101966198E+05
  0.996748633970562E+05
  0.997122642076516E+05
  0.997485915193332E+05
  0.997837871527206E+05
  0.998179375754820E+05
  0.998509859526404E+05
  0.998830229082735E+05
  0.999139952580247E+05
  0.999439946436156E+05
  0.999729735103056E+05
  0.100001021747293E+06
  0.100028099073428E+06
  0.100054291272735E+06
  0.100079566665572E+06
  0.100104005020276E+06
  0.100127584344625E+06
  0.100150376881537E+06
  0.100172371221702E+06
  0.100193631043514E+06
  0.100214156614119E+06
  0.100234002048053E+06
  0.100253180167888E+06
  0.100271735585600E+06
  0.100289696850414E+06
  0.100307095195796E+06
  0.100323975204019E+06
  0.100340365034700E+06
  0.100356352182239E+06
  0.100371941464358E+06
  0.100387274608306E+06
  0.100402378968576E+06
  0.100417294945087E+06
  0.100431311102952E+06
  0.100444266232318E+06
  0.100454889962936E+06
  0.100463359726355E+06
